00000000000010000101000000000100
00000000000000100000000010001001
00000000001000000000001110000001
00000000010000000100000000000001
00000000000000000000011000000001
00000000010000000000000000000001
00000000001000000000000000110001
00000000000000000000000011000001
00000000000100000000000000000001
00000000000001000001111000000001
10000000000001000000000000000001
00000000000001000000111000000001
00000000000001000110000000000001
00000000000001000000101000000001
10000000000001000000101000000001
00000000000000001110000000000001
00000000000001000000000001110001
00000000000001000000000000001111
00000000000000011111000000000001
00000000000000000000000111111111