00001100000010010000001111101000
00000001001000000101000000000001
00000000000000000101100000000001
00001001011011000000000000010100
00010101100000000000000000010001
00000000000000000000000000000001
00000000000000000000000000000001
00000000000000000000000000000001
00000001011010110111000000000001
00000001110011100111000000000001
00001101110010010000001111101000
00000001001010100110000000010000
00010101100000000000000000000101
00000000000000000000000000000001
00000000000000000000000000000001
00000000000000000000000000000001
00000001001000000101000000000001
00000001011000000110100000000001
00000101011010110000000000000001
00011000000000000000000000000011
00000000000000000000000000000001
00000000000000000000000000000001
00010000000010100000011111010000
00010000000011010000011111010100
